10
200
6
390 360
390 110
890 110
890 360
890 610
390 610
140
24
257 91
337.749 91
817.964 89
1037 89
1208 89
1233 285
1089 287
866.001 290.097
497 291
378 290
263 289.034
235 468
405 469
565.25 469.943
909 462
1075 462
1189.07 462
1219 632
1053 634
866.947 636.242
310.999 638.045
220 636
42 632
32 91
200
6
157 359
161.983 61.0416
1067.01 48.0112
1063 362
1059 675
152 658
200
6
390 360
390 110
890 110
890 360
890 610
390 610
200
6
390 360
390 110
890 110
890 360
890 610
390 610
200
6
390 360
390 110
890 110
890 360
890 610
390 610
200
6
390 360
390 110
890 110
890 360
890 610
390 610
200
6
390 360
390 110
890 110
890 360
890 610
390 610
200
6
390 360
390 110
890 110
890 360
890 610
390 610
200
6
390 360
390 110
890 110
890 360
890 610
390 610
5
28
4
5
15
6
